enh_class	quantile	rank	H3K27ac.RPM	DHS.RPM
any	0.01000	160559.00000	0.00000	0.02230
any	0.02000	158937.00000	0.00000	0.04612
any	0.03000	157316.00000	0.00000	0.07146
any	0.04000	155694.00000	0.00000	0.11455
any	0.05000	154072.00000	0.00000	0.16068
any	0.06000	152450.00000	0.00000	0.25141
any	0.07000	150828.00000	0.00000	0.34215
any	0.08000	149207.00000	0.00000	0.38827
any	0.09000	147585.00000	0.00000	0.41814
any	0.10000	145963.00000	0.10236	0.44045
any	0.11000	144341.00000	0.10236	0.45973
any	0.12000	142719.00000	0.10236	0.47901
any	0.13000	141097.00000	0.10236	0.48960
any	0.14000	139476.00000	0.10236	0.50736
any	0.15000	137854.00000	0.10236	0.52362
any	0.16000	136232.00000	0.10236	0.53270
any	0.17000	134610.00000	0.10236	0.55046
any	0.18000	132988.00000	0.10236	0.55652
any	0.19000	131367.00000	0.10236	0.57428
any	0.20000	129745.00000	0.10236	0.58185
any	0.21000	128123.00000	0.20472	0.59961
any	0.22000	126501.00000	0.20472	0.61587
any	0.23000	124879.00000	0.20472	0.62343
any	0.24000	123258.00000	0.20472	0.64271
any	0.25000	121636.00000	0.20472	0.65028
any	0.26000	120014.00000	0.20472	0.66804
any	0.27000	118392.00000	0.20472	0.68581
any	0.28000	116770.00000	0.20472	0.69489
any	0.29000	115149.00000	0.20472	0.71417
any	0.30000	113527.00000	0.20472	0.73193
any	0.31000	111905.00000	0.20472	0.74252
any	0.32000	110283.00000	0.30708	0.76180
any	0.33000	108661.00000	0.30708	0.78108
any	0.34000	107039.00000	0.30708	0.80187
any	0.35000	105418.00000	0.30708	0.81549
any	0.36000	103796.00000	0.30708	0.83326
any	0.37000	102174.00000	0.30708	0.85405
any	0.38000	100552.00000	0.30708	0.87636
any	0.39000	98930.00000	0.30708	0.89715
any	0.40000	97309.00000	0.30708	0.91945
any	0.41000	95687.00000	0.40945	0.94176
any	0.42000	94065.00000	0.40945	0.96558
any	0.43000	92443.00000	0.40945	0.98789
any	0.44000	90821.00000	0.40945	1.01170
any	0.45000	89200.00000	0.40945	1.03704
any	0.46000	87578.00000	0.40945	1.06085
any	0.47000	85956.00000	0.40945	1.08467
any	0.48000	84334.00000	0.51181	1.11152
any	0.49000	82712.00000	0.51181	1.14290
any	0.50000	81090.00000	0.51181	1.17087
any	0.51000	79469.00000	0.51181	1.19923
any	0.52000	77847.00000	0.51181	1.23061
any	0.53000	76225.00000	0.61417	1.26614
any	0.54000	74603.00000	0.61417	1.29601
any	0.55000	72981.00000	0.61417	1.33306
any	0.56000	71360.00000	0.61417	1.37010
any	0.57000	69738.00000	0.61417	1.40905
any	0.58000	68116.00000	0.71653	1.45064
any	0.59000	66494.00000	0.71653	1.49374
any	0.60000	64872.00000	0.71653	1.53683
any	0.61000	63251.00000	0.81889	1.58296
any	0.62000	61629.00000	0.81889	1.63362
any	0.63000	60007.00000	0.81889	1.68731
any	0.64000	58385.00000	0.92125	1.74515
any	0.65000	56763.00000	0.92125	1.79884
any	0.66000	55142.00000	0.92125	1.86122
any	0.67000	53520.00000	1.02361	1.92965
any	0.68000	51898.00000	1.02361	1.99808
any	0.69000	50276.00000	1.12597	2.07256
any	0.70000	48654.00000	1.22833	2.15158
any	0.71000	47032.00000	1.22833	2.23929
any	0.72000	45411.00000	1.33070	2.33608
any	0.73000	43789.00000	1.43306	2.43701
any	0.74000	42167.00000	1.53542	2.54288
any	0.75000	40545.00000	1.63778	2.65401
any	0.76000	38923.00000	1.74014	2.77916
any	0.77000	37302.00000	1.84250	2.90884
any	0.78000	35680.00000	1.94486	3.05590
any	0.79000	34058.00000	2.04722	3.21809
any	0.80000	32436.00000	2.25195	3.39805
any	0.81000	30814.00000	2.35431	3.59465
any	0.82000	29193.00000	2.55903	3.81038
any	0.83000	27571.00000	2.76375	4.03925
any	0.84000	25949.00000	3.07083	4.29974
any	0.85000	24327.00000	3.27556	4.58254
any	0.86000	22705.00000	3.58264	4.89330
any	0.87000	21084.00000	3.99208	5.25579
any	0.88000	19462.00000	4.29917	5.65595
any	0.89000	17840.00000	4.81098	6.12352
any	0.90000	16218.00000	5.32278	6.66378
any	0.91000	14596.00000	5.93695	7.29478
any	0.92000	12974.00000	6.65348	8.03428
any	0.93000	11353.00000	7.47236	8.93860
any	0.94000	9731.00000	8.49598	9.99038
any	0.95000	8109.00000	9.82667	11.29547
any	0.96000	6487.00000	11.46445	12.93364
any	0.97000	4865.00000	13.92112	15.27001
any	0.98000	3244.00000	17.19668	18.77118
any	0.99000	1622.00000	23.74779	25.00479
any	0.99100	1460.00000	24.87376	25.94852
any	0.99200	1297.00000	26.20446	27.03993
any	0.99300	1135.00000	27.63752	28.25803
any	0.99400	973.00000	29.58238	29.87785
any	0.99500	811.00000	31.43511	31.73635
any	0.99600	649.00000	34.49571	34.44418
any	0.99700	487.00000	38.18071	37.71519
any	0.99800	324.00000	43.40113	42.21771
any	0.99900	162.00000	52.49285	52.44549
any	0.99910	146.00000	54.15684	53.83575
any	0.99920	130.00000	55.47975	55.97378
any	0.99930	114.00000	58.14114	58.80744
any	0.99940	97.00000	60.78656	62.04215
any	0.99950	81.00000	63.24999	65.41193
any	0.99960	65.00000	67.46911	69.02984
any	0.99970	49.00000	71.45198	73.78679
any	0.99980	32.00000	79.92564	83.96843
any	0.99990	16.00000	91.95574	101.13218
promoter	0.01000	27949.00000	0.00000	0.00000
promoter	0.02000	27666.00000	0.00000	0.00000
promoter	0.03000	27384.00000	0.00000	0.00000
promoter	0.04000	27102.00000	0.00000	0.02230
promoter	0.05000	26819.00000	0.00000	0.02231
promoter	0.06000	26537.00000	0.00000	0.02231
promoter	0.07000	26255.00000	0.00000	0.02382
promoter	0.08000	25973.00000	0.00000	0.02382
promoter	0.09000	25690.00000	0.00000	0.04461
promoter	0.10000	25408.00000	0.00000	0.04612
promoter	0.11000	25126.00000	0.00000	0.04612
promoter	0.12000	24843.00000	0.00000	0.04764
promoter	0.13000	24561.00000	0.00000	0.06692
promoter	0.14000	24279.00000	0.00000	0.06843
promoter	0.15000	23996.00000	0.00000	0.06843
promoter	0.16000	23714.00000	0.00000	0.06994
promoter	0.17000	23432.00000	0.10236	0.07146
promoter	0.18000	23149.00000	0.10236	0.09073
promoter	0.19000	22867.00000	0.10236	0.09225
promoter	0.20000	22585.00000	0.10236	0.09225
promoter	0.21000	22302.00000	0.10236	0.09376
promoter	0.22000	22020.00000	0.10236	0.11304
promoter	0.23000	21738.00000	0.10236	0.11455
promoter	0.24000	21456.00000	0.10236	0.11607
promoter	0.25000	21173.00000	0.10236	0.13535
promoter	0.26000	20891.00000	0.10236	0.13837
promoter	0.27000	20609.00000	0.10236	0.13989
promoter	0.28000	20326.00000	0.20472	0.15916
promoter	0.29000	20044.00000	0.20472	0.16219
promoter	0.30000	19762.00000	0.20472	0.18298
promoter	0.31000	19479.00000	0.20472	0.18601
promoter	0.32000	19197.00000	0.20472	0.20680
promoter	0.33000	18915.00000	0.20472	0.22911
promoter	0.34000	18632.00000	0.20472	0.25293
promoter	0.35000	18350.00000	0.20472	0.27826
promoter	0.36000	18068.00000	0.30708	0.32136
promoter	0.37000	17786.00000	0.30708	0.36899
promoter	0.38000	17503.00000	0.30708	0.41814
promoter	0.39000	17221.00000	0.30708	0.48506
promoter	0.40000	16939.00000	0.30708	0.54744
promoter	0.41000	16656.00000	0.40944	0.59810
promoter	0.42000	16374.00000	0.40945	0.64876
promoter	0.43000	16092.00000	0.40945	0.71114
promoter	0.44000	15809.00000	0.51181	0.76180
promoter	0.45000	15527.00000	0.51181	0.83175
promoter	0.46000	15245.00000	0.61417	0.90169
promoter	0.47000	14962.00000	0.61417	0.97163
promoter	0.48000	14680.00000	0.71653	1.05329
promoter	0.49000	14398.00000	0.81889	1.13080
promoter	0.50000	14116.00000	0.81889	1.21699
promoter	0.51000	13833.00000	0.92125	1.29147
promoter	0.52000	13551.00000	1.02361	1.37616
promoter	0.53000	13269.00000	1.12597	1.46840
promoter	0.54000	12986.00000	1.33070	1.57721
promoter	0.55000	12704.00000	1.43306	1.68883
promoter	0.56000	12422.00000	1.63778	1.80935
promoter	0.57000	12139.00000	1.74014	1.94039
promoter	0.58000	11857.00000	1.88345	2.05328
promoter	0.59000	11575.00000	2.04722	2.20639
promoter	0.60000	11292.00000	2.25195	2.35950
promoter	0.61000	11010.00000	2.45667	2.52820
promoter	0.62000	10728.00000	2.66139	2.68125
promoter	0.63000	10445.00000	2.86611	2.85818
promoter	0.64000	10163.00000	3.07083	3.05447
promoter	0.65000	9881.00000	3.27556	3.26724
promoter	0.66000	9599.00000	3.48028	3.48553
promoter	0.67000	9316.00000	3.68500	3.75987
promoter	0.68000	9034.00000	3.88972	4.00341
promoter	0.69000	8752.00000	4.09445	4.26790
promoter	0.70000	8469.00000	4.40153	4.52016
promoter	0.71000	8187.00000	4.60625	4.81664
promoter	0.72000	7905.00000	4.91334	5.10767
promoter	0.73000	7622.00000	5.11806	5.46894
promoter	0.74000	7340.00000	5.42514	5.78350
promoter	0.75000	7058.00000	5.73222	6.15586
promoter	0.76000	6775.00000	6.14167	6.54500
promoter	0.77000	6493.00000	6.44875	6.91841
promoter	0.78000	6211.00000	6.75584	7.36033
promoter	0.79000	5929.00000	7.16528	7.81325
promoter	0.80000	5646.00000	7.57473	8.27398
promoter	0.81000	5364.00000	8.08653	8.78549
promoter	0.82000	5082.00000	8.49598	9.25974
promoter	0.83000	4799.00000	9.00778	9.79351
promoter	0.84000	4517.00000	9.62195	10.37019
promoter	0.85000	4235.00000	10.23612	10.99905
promoter	0.86000	3952.00000	10.74792	11.61109
promoter	0.87000	3670.00000	11.46445	12.33548
promoter	0.88000	3388.00000	12.18098	13.09793
promoter	0.89000	3105.00000	13.10223	14.09223
promoter	0.90000	2823.00000	14.02348	14.95322
promoter	0.91000	2541.00000	14.94473	16.03063
promoter	0.92000	2258.00000	15.96834	17.31980
promoter	0.93000	1976.00000	17.39116	18.70077
promoter	0.94000	1694.00000	19.03918	20.24351
promoter	0.95000	1412.00000	20.98404	21.98225
promoter	0.96000	1129.00000	23.23598	24.24430
promoter	0.97000	847.00000	26.40918	27.08390
promoter	0.98000	565.00000	31.15874	31.34951
promoter	0.99000	282.00000	40.73974	39.78575
promoter	0.99100	254.00000	41.86572	40.87214
promoter	0.99200	226.00000	43.50350	42.24523
promoter	0.99300	198.00000	45.59064	43.99473
promoter	0.99400	169.00000	47.35432	46.48650
promoter	0.99500	141.00000	49.74753	48.79299
promoter	0.99600	113.00000	52.92072	52.60462
promoter	0.99700	85.00000	57.31509	56.30475
promoter	0.99800	56.00000	63.25920	62.46334
promoter	0.99900	28.00000	78.89691	73.18840
promoter	0.99910	25.00000	80.27019	75.25970
promoter	0.99920	23.00000	81.78657	78.25537
promoter	0.99930	20.00000	83.21512	81.57776
promoter	0.99940	17.00000	86.30234	82.03805
promoter	0.99950	14.00000	89.20008	83.62934
promoter	0.99960	11.00000	92.16763	86.09302
promoter	0.99970	8.00000	99.05582	95.49871
promoter	0.99980	6.00000	114.11919	99.66429
promoter	0.99990	3.00000	122.22742	126.11088
nonpromoter	0.01000	132610.00000	0.00000	0.35123
nonpromoter	0.02000	131271.00000	0.00000	0.39432
nonpromoter	0.03000	129932.00000	0.00000	0.41814
nonpromoter	0.04000	128592.00000	0.00000	0.43894
nonpromoter	0.05000	127252.00000	0.00000	0.45670
nonpromoter	0.06000	125913.00000	0.00000	0.46881
nonpromoter	0.07000	124574.00000	0.00000	0.48506
nonpromoter	0.08000	123234.00000	0.00000	0.50131
nonpromoter	0.09000	121894.00000	0.10236	0.50888
nonpromoter	0.10000	120555.00000	0.10236	0.52513
nonpromoter	0.11000	119216.00000	0.10236	0.53270
nonpromoter	0.12000	117876.00000	0.10236	0.54895
nonpromoter	0.13000	116536.00000	0.10236	0.55500
nonpromoter	0.14000	115197.00000	0.10236	0.57126
nonpromoter	0.15000	113858.00000	0.10236	0.57731
nonpromoter	0.16000	112518.00000	0.10236	0.59356
nonpromoter	0.17000	111178.00000	0.10236	0.59961
nonpromoter	0.18000	109839.00000	0.10236	0.61587
nonpromoter	0.19000	108500.00000	0.10236	0.62343
nonpromoter	0.20000	107160.00000	0.20472	0.63968
nonpromoter	0.21000	105820.00000	0.20472	0.64725
nonpromoter	0.22000	104481.00000	0.20472	0.66350
nonpromoter	0.23000	103142.00000	0.20472	0.67107
nonpromoter	0.24000	101802.00000	0.20472	0.68884
nonpromoter	0.25000	100462.00000	0.20472	0.69640
nonpromoter	0.26000	99123.00000	0.20472	0.71265
nonpromoter	0.27000	97784.00000	0.20472	0.72891
nonpromoter	0.28000	96444.00000	0.20472	0.73950
nonpromoter	0.29000	95104.00000	0.20472	0.75726
nonpromoter	0.30000	93765.00000	0.20472	0.76786
nonpromoter	0.31000	92426.00000	0.30708	0.78411
nonpromoter	0.32000	91086.00000	0.30708	0.80339
nonpromoter	0.33000	89746.00000	0.30708	0.81813
nonpromoter	0.34000	88407.00000	0.30708	0.83175
nonpromoter	0.35000	87067.00000	0.30708	0.85254
nonpromoter	0.36000	85728.00000	0.30708	0.87182
nonpromoter	0.37000	84388.00000	0.30708	0.88544
nonpromoter	0.38000	83049.00000	0.30708	0.90169
nonpromoter	0.39000	81710.00000	0.30708	0.92248
nonpromoter	0.40000	80370.00000	0.30708	0.94327
nonpromoter	0.41000	79030.00000	0.40944	0.96558
nonpromoter	0.42000	77691.00000	0.40945	0.98637
nonpromoter	0.43000	76352.00000	0.40945	1.00565
nonpromoter	0.44000	75012.00000	0.40945	1.02835
nonpromoter	0.45000	73672.00000	0.40945	1.05177
nonpromoter	0.46000	72333.00000	0.40945	1.06993
nonpromoter	0.47000	70994.00000	0.40945	1.09375
nonpromoter	0.48000	69654.00000	0.40945	1.11757
nonpromoter	0.49000	68314.00000	0.51181	1.14402
nonpromoter	0.50000	66975.00000	0.51181	1.16784
nonpromoter	0.51000	65636.00000	0.51181	1.19620
nonpromoter	0.52000	64296.00000	0.51181	1.22153
nonpromoter	0.53000	62956.00000	0.51181	1.24989
nonpromoter	0.54000	61617.00000	0.51181	1.28088
nonpromoter	0.55000	60277.00000	0.61417	1.30924
nonpromoter	0.56000	58938.00000	0.61417	1.33911
nonpromoter	0.57000	57598.00000	0.61417	1.37767
nonpromoter	0.58000	56259.00000	0.61417	1.40905
nonpromoter	0.59000	54920.00000	0.61417	1.44761
nonpromoter	0.60000	53580.00000	0.71653	1.48202
nonpromoter	0.61000	52240.00000	0.71653	1.52058
nonpromoter	0.62000	50901.00000	0.71653	1.56368
nonpromoter	0.63000	49562.00000	0.71653	1.60678
nonpromoter	0.64000	48222.00000	0.81889	1.65441
nonpromoter	0.65000	46882.00000	0.81889	1.70357
nonpromoter	0.66000	45543.00000	0.81889	1.75272
nonpromoter	0.67000	44203.00000	0.92125	1.80338
nonpromoter	0.68000	42864.00000	0.92125	1.86122
nonpromoter	0.69000	41524.00000	0.92125	1.92096
nonpromoter	0.70000	40185.00000	1.02361	1.98334
nonpromoter	0.71000	38845.00000	1.02361	2.05025
nonpromoter	0.72000	37506.00000	1.12597	2.12322
nonpromoter	0.73000	36166.00000	1.12597	2.20034
nonpromoter	0.74000	34827.00000	1.22833	2.28390
nonpromoter	0.75000	33488.00000	1.22833	2.37615
nonpromoter	0.76000	32148.00000	1.33070	2.47142
nonpromoter	0.77000	30808.00000	1.43306	2.57236
nonpromoter	0.78000	29469.00000	1.53542	2.67822
nonpromoter	0.79000	28129.00000	1.63778	2.79995
nonpromoter	0.80000	26790.00000	1.63778	2.92510
nonpromoter	0.81000	25450.00000	1.74014	3.06347
nonpromoter	0.82000	24111.00000	1.94486	3.21809
nonpromoter	0.83000	22771.00000	2.04722	3.39200
nonpromoter	0.84000	21432.00000	2.14958	3.57840
nonpromoter	0.85000	20093.00000	2.35431	3.78066
nonpromoter	0.86000	18753.00000	2.55903	4.00826
nonpromoter	0.87000	17414.00000	2.76375	4.26118
nonpromoter	0.88000	16074.00000	2.96847	4.55120
nonpromoter	0.89000	14734.00000	3.27556	4.86231
nonpromoter	0.90000	13395.00000	3.58264	5.22373
nonpromoter	0.91000	12055.00000	3.99209	5.63757
nonpromoter	0.92000	10716.00000	4.40153	6.13753
nonpromoter	0.93000	9376.00000	5.01570	6.73826
nonpromoter	0.94000	8037.00000	5.62986	7.46877
nonpromoter	0.95000	6697.00000	6.55112	8.41671
nonpromoter	0.96000	5358.00000	7.67709	9.63046
nonpromoter	0.97000	4019.00000	9.31487	11.27871
nonpromoter	0.98000	2679.00000	11.77153	13.70828
nonpromoter	0.99000	1340.00000	16.68487	18.50294
nonpromoter	0.99100	1206.00000	17.40140	19.23849
nonpromoter	0.99200	1072.00000	18.32265	20.10327
nonpromoter	0.99300	938.00000	19.34626	21.15335
nonpromoter	0.99400	804.00000	20.57459	22.32415
nonpromoter	0.99500	670.00000	21.93139	23.65114
nonpromoter	0.99600	536.00000	24.15724	25.48184
nonpromoter	0.99700	402.00000	27.12571	28.10527
nonpromoter	0.99800	268.00000	31.22015	31.54937
nonpromoter	0.99900	134.00000	40.12558	38.71006
nonpromoter	0.99910	121.00000	41.04683	40.52828
nonpromoter	0.99920	107.00000	42.36123	41.14757
nonpromoter	0.99930	94.00000	43.78060	42.54247
nonpromoter	0.99940	80.00000	46.33180	43.77961
nonpromoter	0.99950	67.00000	48.00739	45.55490
nonpromoter	0.99960	54.00000	49.68820	48.40212
nonpromoter	0.99970	40.00000	53.72071	59.06826
nonpromoter	0.99980	27.00000	61.78833	68.56643
nonpromoter	0.99990	13.00000	70.28431	94.64760
